function [X, Y, Z] = GetLungRobotData()

pts = [...
    125.048	-72.047	-68.855
    125.045	-72.051	-68.855
    125.041	-72.055	-68.855
    125.037	-72.06	-68.857
    125.036	-72.065	-68.86
    125.033	-72.065	-68.857
    125.029	-72.065	-68.853
    125.025	-72.064	-68.847
    125.025	-72.063	-68.844
    125.027	-72.061	-68.846
    125.032	-72.059	-68.849
    125.038	-72.056	-68.853
    125.047	-72.052	-68.856
    125.056	-72.044	-68.857
    125.063	-72.035	-68.854
    125.07	-72.029	-68.856
    125.079	-72.024	-68.86
    125.087	-72.02	-68.865
    125.093	-72.016	-68.869
    125.095	-72.015	-68.869
    125.094	-72.014	-68.868
    125.092	-72.014	-68.865
    125.088	-72.016	-68.864
    125.084	-72.019	-68.863
    125.082	-72.022	-68.865
    125.081	-72.025	-68.865
    125.079	-72.027	-68.863
    125.078	-72.029	-68.861
    125.075	-72.029	-68.859
    125.075	-72.029	-68.859
    125.075	-72.03	-68.859
    125.076	-72.03	-68.858
    125.075	-72.029	-68.856
    125.074	-72.03	-68.857
    125.071	-72.03	-68.854
    125.066	-72.031	-68.851
    125.06	-72.032	-68.85
    125.056	-72.036	-68.851
    125.053	-72.04	-68.852
    125.048	-72.044	-68.851
    125.044	-72.046	-68.85
    125.041	-72.049	-68.851
    125.04	-72.051	-68.851
    125.038	-72.052	-68.852
    125.037	-72.054	-68.853
    125.037	-72.054	-68.853
    125.036	-72.053	-68.85
    125.034	-72.051	-68.847
    125.03	-72.051	-68.843
    125.028	-72.051	-68.841
    125.025	-72.051	-68.839
    125.022	-72.051	-68.838
    125.02	-72.052	-68.839
    125.02	-72.052	-68.837
    125.022	-72.052	-68.838
    125.026	-72.051	-68.842
    125.032	-72.048	-68.844
    125.038	-72.045	-68.846
    125.047	-72.041	-68.85
    125.056	-72.036	-68.853
    125.064	-72.031	-68.855
    125.069	-72.024	-68.856
    125.074	-72.02	-68.855
    125.077	-72.017	-68.854
    125.077	-72.015	-68.854
    125.075	-72.013	-68.849
    125.073	-72.015	-68.846
    125.072	-72.016	-68.847
    125.072	-72.018	-68.849
    125.073	-72.02	-68.851
    125.074	-72.021	-68.852
    125.076	-72.022	-68.851
    125.076	-72.021	-68.851
    125.078	-72.021	-68.852
    125.079	-72.021	-68.853
    125.081	-72.023	-68.857
    125.08	-72.021	-68.856
    125.077	-72.021	-68.855
    125.072	-72.019	-68.85
    125.068	-72.019	-68.848
    125.068	-72.022	-68.85
    125.07	-72.025	-68.855
    125.071	-72.028	-68.86
    125.07	-72.031	-68.862
    125.07	-72.033	-68.862
    125.07	-72.033	-68.86
    125.071	-72.036	-68.862
    125.071	-72.038	-68.863
    125.071	-72.041	-68.867
    125.067	-72.044	-68.866
    125.059	-72.047	-68.862
    125.05	-72.048	-68.854
    125.044	-72.049	-68.848
    125.04	-72.049	-68.845
    125.039	-72.049	-68.845
    125.04	-72.049	-68.847
    125.04	-72.049	-68.846
    125.041	-72.048	-68.845
    125.041	-72.046	-68.843
    125.043	-72.044	-68.842
    125.046	-72.042	-68.845
    125.05	-72.043	-68.849
    125.052	-72.042	-68.85
    125.05	-72.042	-68.85
    125.048	-72.044	-68.85
    125.047	-72.049	-68.853
    125.046	-72.052	-68.855
    125.046	-72.054	-68.858
    125.047	-72.056	-68.859
    125.048	-72.057	-68.858
    125.049	-72.057	-68.856
    125.051	-72.056	-68.858
    125.056	-72.057	-68.861
    125.063	-72.056	-68.865
    125.067	-72.052	-68.865
    125.067	-72.048	-68.861
    125.066	-72.045	-68.858
    125.066	-72.044	-68.855
    125.068	-72.042	-68.854
    125.071	-72.041	-68.857
    125.073	-72.042	-68.859
    125.075	-72.041	-68.859
    125.074	-72.041	-68.857
    125.071	-72.041	-68.853
    125.07	-72.042	-68.851
    125.073	-72.043	-68.853
    125.077	-72.042	-68.858
    125.079	-72.04	-68.862
    125.078	-72.039	-68.861
    125.075	-72.037	-68.856
    125.071	-72.035	-68.852
    125.07	-72.034	-68.851
    125.071	-72.033	-68.853
    125.072	-72.03	-68.854
    125.07	-72.027	-68.852
    125.066	-72.025	-68.849
    125.065	-72.026	-68.847
    125.065	-72.026	-68.846
    125.066	-72.028	-68.849
    125.068	-72.03	-68.854
    125.068	-72.03	-68.856
    125.066	-72.032	-68.856
    125.061	-72.035	-68.855
    125.056	-72.038	-68.853
    125.055	-72.041	-68.854
    125.054	-72.045	-68.857
    125.051	-72.047	-68.858
    125.049	-72.051	-68.86
    125.048	-72.051	-68.859
    125.046	-72.051	-68.856
    125.046	-72.051	-68.856
    125.046	-72.049	-68.856
    125.048	-72.049	-68.859
    125.052	-72.049	-68.863
    125.055	-72.049	-68.865
    125.055	-72.047	-68.864
    125.055	-72.047	-68.862
    125.055	-72.046	-68.86
    125.053	-72.046	-68.858
    125.049	-72.046	-68.857
    125.046	-72.047	-68.856
    125.044	-72.046	-68.854
    125.043	-72.045	-68.85
    125.042	-72.037	-68.848
    125.045	-72.035	-68.847
    125.047	-72.028	-68.845
    125.058	-72.023	-68.847
    125.066	-72.015	-68.845
    125.08	-72.006	-68.852
    125.096	-71.999	-68.857
    125.108	-71.983	-68.86
    125.121	-71.977	-68.861
    125.126	-71.964	-68.859
    125.137	-71.968	-68.86
    125.143	-71.963	-68.861
    125.155	-71.961	-68.872
    125.159	-71.958	-68.875
    125.158	-71.954	-68.881
    125.152	-71.963	-68.877
    125.141	-71.962	-68.872
    125.141	-71.978	-68.875
    125.134	-71.979	-68.874
    125.138	-71.985	-68.877
    125.134	-71.984	-68.875
    125.128	-71.981	-68.878
    125.12	-71.992	-68.871
    125.106	-71.99	-68.864
    125.104	-72.001	-68.861
    125.102	-71.997	-68.858
    125.111	-71.998	-68.865
    125.113	-71.994	-68.861
    125.118	-71.99	-68.866
    125.12	-71.996	-68.866
    125.116	-71.992	-68.865
    125.119	-72.002	-68.862
    125.12	-71.997	-68.861
    125.133	-72	-68.869
    125.14	-71.997	-68.868
    125.144	-71.992	-68.872
    125.145	-72	-68.868
    125.143	-72.002	-68.869
    125.151	-72.021	-68.87
    125.152	-72.027	-68.868
    125.187	-72.036	-68.832
    124.741	-72.616	-68.849
    125.105	-72.187	-68.778
    124.8	-72.58	-68.821
    124.629	-72.736	-68.735
    125.504	-72.023	-68.853
    125.849	-71.918	-68.934
    125.577	-72.021	-68.827
    124.795	-72.814	-68.802
    125.142	-72.419	-68.755
    124.934	-72.723	-68.794
    124.609	-73.049	-68.707
    124.541	-73.07	-68.678
    124.602	-73.204	-68.716
    125.695	-72.161	-68.798
    126.044	-72.141	-68.999
    125.103	-72.679	-68.796
    124.949	-72.85	-68.76
    125.04	-72.81	-68.776
    125.106	-72.82	-68.786
    125.141	-72.824	-68.789
    125.175	-72.852	-68.79
    125.057	-73.241	-68.775
    125.253	-72.876	-68.802
    125.205	-73.182	-68.822
    125.135	-73.178	-68.717
    125.149	-73.09	-68.754
    125.199	-73.087	-68.77
    125.248	-73.106	-68.772
    125.275	-73.111	-68.76
    125.307	-73.126	-68.76
    125.331	-73.144	-68.754
    125.351	-73.159	-68.755
    125.369	-73.189	-68.748
    125.381	-73.206	-68.742
    125.408	-73.239	-68.743
    125.428	-73.255	-68.739
    125.459	-73.276	-68.746
    125.488	-73.291	-68.748
    125.519	-73.3	-68.751
    125.543	-73.315	-68.74
    125.56	-73.323	-68.735
    125.587	-73.348	-68.733
    125.611	-73.361	-68.731
    125.645	-73.381	-68.739
    125.672	-73.392	-68.737
    125.701	-73.402	-68.741
    125.726	-73.421	-68.734
    125.744	-73.43	-68.729
    125.77	-73.454	-68.726
    125.796	-73.465	-68.727
    125.836	-73.484	-68.733
    125.873	-73.49	-68.732
    125.914	-73.492	-68.737
    125.952	-73.499	-68.73
    125.986	-73.498	-68.729
    126.029	-73.516	-68.73
    126.064	-73.518	-68.733
    126.11	-73.533	-68.74
    126.148	-73.537	-68.741
    126.194	-73.542	-68.751
    126.234	-73.55	-68.748
    126.271	-73.549	-68.749
    126.31	-73.561	-68.746
    126.345	-73.558	-68.744
    126.396	-73.567	-68.748
    126.44	-73.561	-68.747
    126.492	-73.554	-68.753
    126.542	-73.55	-68.751
    126.588	-73.539	-68.755
    126.635	-73.544	-68.752
    126.679	-73.539	-68.756
    126.733	-73.551	-68.76
    126.783	-73.55	-68.761
    126.843	-73.558	-68.774
    126.891	-73.561	-68.775
    126.937	-73.564	-68.783
    126.978	-73.578	-68.779
    127.009	-73.582	-68.78
    127.052	-73.603	-68.78
    127.087	-73.609	-68.782
    127.133	-73.625	-68.793
    127.17	-73.631	-68.796
    127.207	-73.642	-68.807
